purchase,salary
56905,150248
45333,96504
27128,78943
50176,126144
71473,173262
3789,126781
13200,159646
40674,90959
95686,115757
1369,61351
28901,157075
56080,169633
40672,128697
89189,179751
88618,119871
15050,77769
68620,57413
61479,77907
79505,119992
15322,143469
55044,199451
41310,131428
99644,110358
66485,86043
95999,197430
14752,167563
85164,77950
18704,86254
54171,129095
57023,141958
98742,166435
90803,139144
80055,64421
77044,102010
57419,99375
64273,146285
86783,109271
96469,71934
81169,138672
83439,156821
49750,172665
37977,164648
64702,100578
26228,178706
38305,109461
5574,136610
74258,154930
54164,144512
40324,173691
38624,125582
84172,193132
74571,189245
72439,177477
71441,178059
90748,187249
59946,157799
97356,92724
28240,56310
82830,198494
24800,124888
40043,86586
94657,145663
81364,57287
17700,127744
79761,102245
46917,85420
32906,168509
11102,163967
38126,193537
35927,131368
27511,57630
75634,175976
8438,140800
46902,96726
16365,87642
78945,98174
21235,95060
69401,61035
27149,95986
65598,76732
37541,115002
16023,73891
30961,136049
49124,121836
8236,148025
32611,141449
4533,91708
51671,100625
97610,67735
81290,83948
64294,177038
94641,116271
14965,133649
66124,117331
69831,87112
92401,145719
91504,98513
81329,131614
47153,146450
73820,86751
33442,127287
67630,65516
35924,121765
19748,146482
19053,136720
47394,182603
41422,148624
56173,174250
90852,155127
71458,101668
47518,139276
18239,60303
72502,99909
62828,134138
12632,165173
79144,166006
53457,137551
15445,141893
30710,141125
85459,185241
11004,55040
49414,137923
74247,79703
61112,120721
67211,182552
85113,110833
41701,177888
95781,112934
41021,135292
33830,78487
47481,148224
80291,134057
70167,113608
35704,57820
43075,183515
44271,68525
96902,73356
37859,160224
9086,61659
74576,69731
48639,179543
42973,112060
91236,62268
86961,180637
77670,76451
3874,64140
55113,137115
22691,82905
101719,172501
74869,123541
69232,182553
64616,141811
9727,192720
55220,117418
18568,114762
56556,187833
64304,131043
18406,64908
97306,66472
55924,86597
80194,190313
25959,180130
18031,96305
66053,165384
57516,104752
43751,62024
10396,73898
3105,139788
61177,182219
39902,89183
19348,65995
32712,115668
41464,199982
54059,188623
100108,80718
39494,155516
76534,97788
90966,75829
63703,80451
81175,130147
82960,124338
89815,105508
61080,132298
29606,59290
62629,172656
57772,161893
1207,81869
24332,58776
46363,145311
20173,195762
91595,172144
78725,68560
98824,163732
76666,195312
14817,122072
65455,55901
31604,169396
78548,135594
59693,185002
97951,83607
89212,109807
17383,197735
44746,78272
101142,138371
10184,158575
27322,191549
26886,191556
99823,148338
42158,169648
51750,130438
3218,164383
16237,92307
85355,99597
34814,175837
72177,123059
31598,148961
4536,66380
22853,76384
31328,147580
87723,133757
88544,182745
62470,151209
100320,154994
28380,67953
89104,156983
27466,64608
57290,87572
5785,60043
22078,123722
67980,71192
68153,199787
58695,125356
56084,186334
65284,152056
99757,106228
94312,137290
28912,193048
59762,106707
64940,59545
18271,112459
82378,141046
85762,107204
18589,102233
46461,133905
96323,178696
25706,96491
26508,91148
55519,168793
27976,169635
69424,150455
72827,173286
62227,85055
77087,73990
34811,187140
64035,177596
38040,134394
92739,168782
78610,72192
99973,58933
91277,164145
50469,198834
6752,75297
14305,156863
88834,136842
100253,163291
50421,102204
74988,158335
31026,89735
14694,152119
35191,96884
60904,198472
11170,161906
57232,145279
100412,78143
94521,114547
26165,106086
35403,103826
26260,137504
43574,55402
90928,67271
39955,123260
28488,193743
52967,180682
37729,95241
58447,65761
55468,103314
48042,132366
39332,136316
56045,149473
81764,105135
59148,156243
95891,86929
84779,162776
65403,194759
35813,74772
47357,135874
55028,178639
71014,112770
35941,58195
52912,148431
27722,181996
100363,144509
5636,69956
1659,123595
74198,176882
67136,59276
79291,196976
44587,72354
20664,68385
9181,58679
86098,153390
40545,174107
99542,100280
32153,80355
72011,190179
71139,148769
83174,159408
75804,129768
9770,128978
49061,192254
75909,146857
43430,122109
98650,94711
60461,147246
12730,144783
61713,174020
38983,187241
63119,76183
100314,165673
46360,184592
32877,62940
13677,137994
30632,115840
75399,61258
9663,167843
19266,128080
83622,175064
28744,64748
63434,173252
53580,178954
79609,192552
13143,59948
84274,114171
99215,74353
80219,85316
69952,150703
18955,193431
88739,59873
30671,62409
56449,175950
7753,165512
92668,60888
82533,172929
16174,168183
38655,164063
75127,75879
22625,58044
72952,169626
44183,113819
56625,194075
40231,137524
89509,184829
53943,176980
94776,129474
87968,135508
30007,70282
68260,89769
58156,74663
74705,73039
70146,145183
21725,146106
29068,77503
97817,198270
50759,148766
23984,102270
38718,176560
15628,59245
86447,79825
79512,179208
90155,90962
18333,124012
19686,176791
42240,148624
79218,147822
14358,139426
85337,113196
72784,172754
95380,187615
10938,92388
77698,177962
98030,69067
55267,117684
62496,85125
51608,179582
41731,69232
49885,88447
68838,158860
13661,112075
40068,190555
46613,190991
90318,104559
19001,185004
73286,189003
15182,175021
48883,163954
75449,195873
55902,85360
31629,146615
35819,180709
26325,148481
43201,110124
36427,98871
5757,100661
19422,100749
36801,159082
68207,140308
30452,171179
95561,140281
56535,165625
12306,193942
100324,188401
62319,154021
94694,103219
59066,81529
65402,94824
90693,71775
31615,104650
53788,96738
91081,137755
15878,77717
63458,138387
10684,111034
74984,179740
43458,136682
54742,87505
69059,141930
39093,125739
20144,193889
83025,187742
20559,77688
87448,124006
41490,195933
99969,101226
23810,196733
70797,106963
6211,199539
48540,90244
66960,147655
65082,64923
68143,115057
8932,71384
84704,75880
63768,114740
10349,117476
46835,70791
48672,113608
66479,98693
40602,114410
56837,86107
24964,134831
44462,73340
88577,131933
61155,96353
49981,165881
46359,55593
17382,75753
52484,153462
39636,103602
64314,184096
4928,109987
87965,151218
65420,161451
87900,121452
14163,85348
55347,102753
18064,196566
7024,130030
96288,146836
19876,192615
96282,147419
4877,116721
5737,129609
48345,172357
67260,83780
58430,195335
13182,57558
25682,181250
5094,116538
5861,160633
92782,64605
77100,181181
14550,65468
50686,195829
13800,98466
36327,63882
78194,94815
39240,105749
31553,67290
64142,129999
17618,102432
71673,182961
61817,172396
25014,89733
60276,193764
74481,67088
56258,107012
46924,175857
31755,158078
29150,67333
86312,136961
19649,106563
95968,183384
45973,126079
25436,60975
88441,108912
7596,127142
90575,193253
63658,114598
98682,68599
74266,181644
21181,144228
12663,100456
3755,112859
43936,199867
40757,164687
27263,162889
11758,187655
41791,199313
27674,176847
20550,68904
99606,97048
28405,105793
58366,143962
71907,143169
64592,62880
69874,114886
12841,153365
11504,171950
4236,142382
4464,57326
61132,157451
9159,146371
74613,141858
5555,136720
39319,145093
8329,111701
24897,170602
30779,146143
99808,87439
76559,175027
79020,64152
19058,144087
59207,161127
27675,60273
45319,136779
100255,105856
40517,148292
78555,94792
88332,104130
3370,86319
29298,73295
16137,194645
69190,63462
4963,120707
2258,67566
40076,136627
52513,148430
48567,175395
35750,92611
83454,76760
19625,102809
53382,141421
2656,135530
6028,68135
73169,164193
3425,123563
97775,146516
15805,108188
79484,82611
96302,191491
75768,122161
30296,119259
11568,199933
31678,89454
19256,181351
76185,130519
6983,159207
42588,158451
46253,110149
79887,139486
3420,165066
60711,172638
95680,119723
30849,123096
92540,98915
67448,97173
99473,137668
37520,108784
79328,151567
91336,101363
10109,169800
74250,149803
52775,56290
89394,72821
19796,181838
81867,98715
4121,77491
57722,112030
63735,70419
37285,125252
2192,114961
100612,199561
19295,198128
24493,63768
96365,94124
88833,84467
8342,174107
76634,116027
57839,132312
67408,102464
18278,165020
50748,157791
27172,126172
88741,99556
75745,152908
15798,64288
63258,179030
30274,72238
5613,63809
30704,147879
61063,124925
43129,179105
18571,115871
8573,56344
19094,136943
59080,97568
67751,195233
70216,190941
19919,178138
40847,183771
91402,182195
52753,154607
37449,80392
11508,185972
58367,108406
77195,190575
45202,154099
29005,129481
49701,161648
84417,142041
10374,125129
73685,66779
40163,177302
68886,188943
12316,158516
47677,72260
80125,142778
19905,56464
87724,92653
52861,197760
34398,192864
35192,72060
88298,74607
70188,71813
100685,90570
62560,175618
73910,132831
49007,60456
1157,115326
81105,65492
52478,157818
80949,69926
96903,102416
64353,103502
13114,80223
11077,138722
8144,103400
62535,92733
72425,86095
42360,140982
49425,78023
93874,160167
83074,62870
9262,128345
55077,103875
77476,107165
100361,140879
74563,127572
6296,88713
86411,195805
20129,147176
78877,90656
46511,154358
82779,55093
42242,144910
41689,103773
96282,151985
11783,129764
69993,99881
47348,59810
96048,61123
9656,194104
90502,153418
98561,188664
98666,69459
30071,72331
90046,55943
60157,117804
17158,119290
87289,175897
73358,181230
82064,131908
34742,145555
44084,114605
49717,133910
94576,126804
24666,133944
39392,79710
6938,82924
69424,181605
5003,155916
13385,122994
17110,128402
73117,151013
67329,196541
99705,189623
24909,107962
52431,143608
86989,58689
16067,178592
77297,107304
58584,186901
20156,163203
19468,111763
66395,155979
71023,112474
46019,95622
76070,59611
69535,90887
10070,130500
47763,159084
91597,120135
54800,158463
21379,73964
78187,161206
27269,120333
96175,140013
79827,62105
97347,167068
39082,126497
55827,88413
1697,89020
60220,111844
62191,93642
25059,117892
20531,156440
72028,88237
73042,195610
2549,134348
5035,185324
79603,132465
36908,101994
51825,142545
73290,101623
71234,155017
21446,134551
14612,71882
6607,192665
88589,85755
52796,94572
96034,108775
24792,197528
11452,103902
88522,132108
3530,82129
41191,95947
62603,64003
13393,161684
94335,114644
4454,68242
25551,122111
8779,183133
91385,88370
44887,98130
76803,105035
5986,194952
59819,95221
84578,195085
20788,187766
87016,199548
22210,165071
13424,168745
1305,115444
34291,58306
37462,85259
98962,147276
42234,139615
42374,123762
79715,107599
24253,116053
53487,187189
27534,86998
88553,171522
31495,147343
80449,126575
43609,184107
15560,55509
82793,86769
48058,175633
81700,78759
28046,109561
45410,61235
58535,195935
84536,162874
8843,111055
84703,147668
33803,173049
82846,61813
30570,185851
35835,185001
82155,137264
24728,73119
73570,70989
57752,148341
62035,111727
58149,82421
62749,129946
5020,181017
66970,160693
70491,195362
73297,171196
92389,151830
87283,127332
59361,177382
50222,145170
23031,168608
17689,184910
79246,169203
66649,103767
44354,83812
63191,56665
58805,127713
85292,198515
30761,114134
3848,84991
23143,179617
26872,107042
37326,140131
91188,158831
63083,87005
32960,131938
39958,74084
78931,89414
11323,113506
38658,86988
37217,104156
15668,177823
48236,194833
59603,89387
51423,143623
10523,98263
99574,135735
28231,157874
67751,166312
47428,129977
70814,189423
26721,167711
34492,185435
28878,59988
88893,139721
6587,101036
33499,110906
57572,72236
42573,145029
32616,160418
69532,169369
13116,174979
81112,79670
74928,58458
75900,179685
87589,150749
71384,84835
81145,124235
99860,146863
41243,172330
42191,178666
73472,133423
8563,196627
77724,168019
22558,183712
70192,70221
20926,171478
4927,172967
91222,105121
71721,111172
26840,68774
57660,147740
91782,187280
72244,59465
6410,81140
2897,102441
789,73289
90783,76894
57467,75058
60309,109672
62306,153674
96012,138689
1661,62495
52399,196269
47896,183638
76287,59924
84821,174931
45498,93890
76560,165712
26478,71647
57505,162780
18994,170073
47579,61427
72532,157434
17487,82308
66002,97192
29884,180061
31735,182282
74713,103545
53857,174622
72221,80793
63736,162244
25315,110844
91542,174700
80394,121265
18055,121282
69017,87219
14902,127692
92937,169492
38205,193586
32281,91757
16120,84913
42987,175789
96514,93917
57337,71220
34874,170283
57212,62788
36638,92703
69407,120699
79513,64900
32377,113709
77931,112324
4893,194776
43746,130070
25051,134058
83683,158319
45925,106155
38224,88709
97630,183873
80891,141480
68054,117868
16012,199708
31339,175982
100469,117297
52527,92812
43235,136442
58052,171370
44134,175726
43453,89354
50636,102452
85345,103171
48399,151027
21602,83385
59680,55244
56060,101618
11074,122523
7465,100903
60789,73802
30392,86432
65157,87312
43906,141924
67271,121489
56795,91057
76084,184434
13983,108429
59372,119201
87430,193785
51073,179998
11225,110419
3784,190282
19679,178060
46530,73103
81685,95984
98324,129162
20303,149941
95889,131085
83471,137095
84353,102594
52646,93650
54638,112137
31142,165485
25936,130271
93603,199905
53571,192408
59712,180372
